1 0
1 0
1 0
2 -1
3 -1
1 0
1 0
0 -1
3 -2
0 -1
1 0
2 0
1 0
1 0
1 1
2 0
1 1
1 0
9 0
1 0
4 0
3 0
1 0
1 0
1 0
2 0
1 0
1 0
1 0
2 0
1 0
1 0
2 0
2 0
1 0
2 0
1 0
1 0
1 0
3 0
1 0
2 0
1 0
1 0
1 0
3 0
1 -1
1 0
2 0
1 0
1 0
1 -1
3 0
1 0
2 0
1 0
1 -1
1 0
2 0
2 0
2 0
10 0
13 0
12 0
10 0
10 0
2 0
5 -1
3 0
3 0
3 -2
5 0
1 0
3 -1
2 0
3 0
2 0
2 0
6 -1
2 0
1 0
2 0
2 0
5 0
5 0
1 0
5 0
1 0
3 0
1 0
3 0
5 0
3 0
4 0
5 0
2 0
1 0
2 0
5 0
1 0
1 0
4 0
2 0
4 0
4 0
2 0
4 0
1 0
4 0
1 0
5 0
4 0
2 0
4 0
5 0
8 0
3 0
4 0
5 0
4 1
3 1
2 0
1 0
3 0
2 0
1 0
3 1
1 0
1 0
1 0
0 1
2 4
0 1
0 1
1 1
0 1
0 1
0 3
0 1
0 1
0 1
0 2
0 2
0 1
0 2
0 1
0 1
0 1
0 3
0 1
0 2
0 1
0 1
0 1
0 2
0 1
0 1
0 1
0 1
-1 3
-1 2
-1 1
0 1
0 1
0 2
0 1
0 1
0 1
0 2
0 1
0 1
0 1
0 1
-1 2
-1 1
0 1
0 1
-3 3
-1 1
0 2
-1 2
0 1
-1 1
-2 3
-1 3
-1 1
-1 1
-1 3
0 1
-2 2
0 2
0 1
-1 4
-2 2
-1 1
-1 1
0 1
-1 5
-2 1
-1 1
0 2
0 1
0 1
-1 3
0 1
0 1
-1 2
0 1
0 1
0 1
0 2
-1 1
-1 1
0 1
0 2
0 1
-1 2
0 2
-1 0
0 1
-1 1
0 2
0 1
-1 2
-1 1
0 1
0 1
-1 2
0 2
0 1
0 1
0 1
0 2
-1 0
0 1
0 1
0 2
-1 1
0 1
-3 4
0 1
0 1
0 2
0 1
0 1
-1 2
0 1
0 2
0 2
0 2
0 1
0 2
-1 2
-1 0
0 2
0 2
0 1
-1 2
0 1
0 1
0 1
0 2
0 1
0 1
0 1
0 1
0 1
0 1
0 1
0 2
0 1
0 1
0 1
0 2
0 1
0 1
0 1
0 1
0 1
0 1
0 1
0 2
0 1
0 1
0 1
0 2
-1 2
0 1
0 1
0 1
0 1
0 1
0 2
0 1
0 1
0 1
0 2
0 1
0 1
0 1
0 1
0 1
0 1
0 1
0 2
0 1
0 1
0 1
0 3
0 1
0 1
0 1
0 1
-1 1
0 1
0 2
0 1
0 1
0 1
0 2
0 1
0 1
0 1
0 1
0 1
0 1
0 1
0 2
0 1
0 1
0 1
0 2
0 1
0 1
0 1
0 1
0 1
0 1
0 1
0 2
0 1
0 1
0 1
0 2
0 1
0 1
0 1
0 1
0 1
0 1
0 1
0 2
0 1
0 1
0 1
0 2
0 1
0 1
0 2
0 1
0 1
0 1
1 1
1 1
0 1
0 1
1 2
0 1
0 1
0 1
0 2
0 1
0 1
0 1
0 2
0 1
0 1
0 1
0 2
0 2
1 0
0 2
0 1
0 1
0 1
0 2
0 1
0 1
0 1
0 2
0 1
0 1
0 2
0 1
0 1
0 1
0 2
0 1
0 1
0 1
0 2
0 1
0 1
0 2
-1 2
-1 1
0 2
0 1
0 1
0 1
0 2
0 1
0 3
0 1
0 1
0 5
0 1
0 2
0 1
0 1
0 1
0 2
0 1
0 1
0 2
0 1
0 1
0 1
0 2
0 1
0 1
0 1
0 3
0 1
0 2
0 1
0 2
0 2
0 2
0 1
0 2
-1 0
0 1
0 3
0 1
0 1
0 1
0 2
0 1
0 1
0 1
0 2
0 1
0 1
0 2
0 1
0 1
0 1
0 2
0 1
0 1
0 1
0 2
0 1
0 1
0 2
0 1
0 1
0 1
0 2
0 2
0 1
0 2
0 1
0 1
0 2
0 1
0 1
0 1
0 3
0 1
0 1
0 2
0 1
0 1
0 2
0 1
0 1
0 1
0 3
0 1
0 1
0 2
0 1
0 1
-1 3
0 1
0 1
0 2
0 1
-1 1
0 1
0 2
0 1
-1 2
0 1
0 1
0 1
0 1
0 3
0 1
0 1
0 2
0 1
0 1
0 1
0 2
0 1
0 1
0 2
0 1
0 1
0 1
0 2
0 1
0 1
0 1
0 2
0 1
0 1
0 2
0 1
0 2
0 2
0 1
0 1
0 1
0 2
0 1
0 1
0 2
0 1
0 1
0 1
0 2
0 1
0 1
0 1
1 1
0 1
0 1
1 0
1 1
0 2
0 1
0 1
-17 1
-1 0
-2 0
-1 1
-1 1
0 2
0 3
0 2
0 4
1 2
1 4
0 4
1 1
0 3
0 5
0 1
0 1
1 3
0 1
0 2
2 4
1 1
0 2
0 1
0 1
0 1
1 1
0 1
0 1
-1 -1
-4 -18
-3 -23
0 -10
0 -5
0 -6
0 -15
-1 -5
-1 -7
0 -14
0 -6
0 -7
0 -13
0 -7
0 -4
0 -9
0 -4
0 -7
0 -10
0 -5
0 -8
0 -7
0 -9
0 -9
0 -9
0 -8
0 -9
0 -9
-1 -8
0 -7
-3 -7
-1 -4
0 -6
-2 -3
-3 -13
-1 -3
-1 -7
-4 -6
0 -2
-1 -2
0 -1
0 -2
0 -2
0 6
2 30
5 21
0 10
2 16
0 13
0 16
2 13
0 20
1 15
1 12
4 13
1 12
1 12
3 7
1 10
0 6
2 5
0 2
0 2
0 6
2 5
1 3
0 5
0 4
2 4
0 2
0 4
0 2
0 3
0 1
0 1
3 2
0 1
0 1
0 1
0 3
0 2
0 2
0 1
0 3
1 1
0 1
0 1
1 3
0 1
0 3
3 3
0 3
0 1
1 2
0 4
0 1
0 2
0 2
0 1
0 1
0 2
0 1
0 4
0 4
0 2
0 3
0 1
0 1
0 2
0 1
0 4
0 2
0 3
0 1
0 1
0 2
0 3
0 2
1 1
0 1
0 2
0 1
-1 2
0 2
0 1
0 2
-2 3
0 1
0 1
0 2
0 1
0 1
0 2
0 1
0 1
0 1
0 2
0 1
0 1
0 1
0 2
1 1
0 1
1 1
1 0
2 0
1 0
1 0
1 0
1 0
2 -2
1 0
1 0
1 0
0 1
0 2
0 1
1 1
0 1
0 2
0 1
0 1
0 1
0 1
0 1
0 1
0 1
0 1
1 2
0 1
0 3
0 1
1 1
1 1
0 2
0 1
0 1
0 2
0 1
0 1
0 1
0 2
0 1
0 1
0 1
1 1
0 1
0 1
0 1
0 2
0 1
0 1
0 3
1 1
0 1
1 4
0 1
1 1
1 0
5 -3
1 -2
0 -1
0 -1
1 -1
2 -2
1 -1
1 -1
0 -1
1 -3
1 -1
1 -1
0 -2
1 -1
0 -1
1 -1
0 -1
0 -1
0 -1
0 -1
0 -2
1 -1
1 -1
1 0
1 0
2 0
1 0
1 0
1 0
2 0
1 -1
1 0
2 -1
2 -1
1 -1
1 0
1 0
1 -1
1 -1
1 -1
1 -1
1 0
1 -1
1 0
0 1
0 1
0 1
0 1
0 1
0 -1
0 -1
0 -2
0 -1
0 -1
0 -3
0 -1
0 -1
-1 -1
0 -1
0 -1
0 -1
0 -1
0 -2
0 -2
0 -3
0 -1
2 -2
0 -1
0 -1
0 -1
0 -1
0 -2
1 -1
0 -2
0 -2
0 -1
0 -1
0 -1
0 -2
0 -1
0 -1
0 -2
0 -1
0 -1
0 -1
0 -2
0 -1
0 -1
0 -1
0 -2
0 -1
0 -3
0 -1
0 -1
0 -1
0 -2
0 -1
0 -1
0 -1
0 -2
0 -1
0 -1
-1 -1
0 -1
0 -1
0 -1
0 -1
-1 -1
0 -2
0 -1
0 -1
0 -2
0 -1
0 -1
0 -2
0 -2
0 -1
0 -2
0 -1
0 -1
0 -1
0 -2
0 -1
0 -1
0 -2
0 -1
0 -1
-1 -1
-1 -3
0 -2
0 -2
0 -1
0 -1
0 -1
0 -1
0 -1
0 -1
1 -1
0 -1
2 -2
0 -1
0 -1
1 0
0 -2
0 -1
0 -2
0 -2
0 -1
0 -1
0 -1
0 -2
0 -1
0 -1
-1 -2
0 -1
0 -1
0 -1
0 -2
0 -1
0 -1
0 -1
0 -2
0 -1
0 -1
0 -1
0 -2
0 -1
0 -1
0 -2
0 -1
0 -2
0 -2
0 -1
0 -1
-1 -3
0 -1
0 -1
0 -2
0 -1
0 -1
-1 -1
0 -2
0 -1
0 -1
0 -1
0 -2
-1 0
-2 1
0 1
0 2
0 1
-1 3
0 1
0 1
0 2
0 1
0 1
0 2
0 1
0 1
0 1
0 2
-1 1
-1 1
0 3
0 1
0 1
0 2
0 1
0 1
0 1
0 2
0 1
0 1
0 1
0 2
0 1
0 1
0 2
0 1
0 1
0 1
0 2
0 1
0 1
0 1
0 2
-1 2
0 1
0 2
0 1
-1 1
0 1
0 1
0 1
0 1
0 1
0 2
0 1
0 1
0 1
0 2
0 1
0 1
0 1
0 1
0 1
0 1
0 1
0 2
0 1
0 1
0 1
0 2
0 1
1 2
1 2
0 1
0 1
0 2
0 1
0 1
0 1
0 2
0 1
1 2
0 2
0 1
0 1
1 1
1 1
0 1
0 1
0 1
0 2
0 1
0 1
1 2
0 1
0 1
0 1
0 2
0 1
0 1
1 1
0 2
0 1
0 1
0 1
0 2
0 1
0 1
0 2
0 1
0 1
0 1
0 2
0 1
0 1
0 1
0 2
0 1
0 1
0 2
0 1
0 2
0 2
0 1
0 1
0 1
0 2
0 1
0 1
0 2
0 1
0 1
0 1
0 2
0 2
-1 1
0 2
0 1
0 1
0 4
0 1
0 2
0 1
0 1
0 1
0 2
0 1
0 1
0 1
0 3
0 1
0 2
0 1
0 1
0 1
0 2
0 1
0 1
1 1
0 2
0 1
1 0
0 1
1 3
1 1
0 1
0 2
0 1
0 1
1 3
0 1
0 1
0 2
0 1
0 1
1 1
0 3
0 2
0 2
1 0
0 1
0 3
2 3
1 0
0 2
1 1
0 1
0 1
1 3
0 1
1 2
0 1
1 2
0 3
0 1
0 1
0 2
1 2
0 1
0 2
0 1
0 2
1 1
0 1
0 1
0 1
1 0
11 -1
1 -1
3 0
3 0
2 0
1 0
2 -1
2 0
1 0
2 0
2 0
1 -1
1 0
2 0
1 0
1 0
1 0
3 -1
1 0
1 -1
1 -1
1 0
1 0
1 0
2 0
1 0
1 0
1 0
2 0
1 0
1 -1
1 0
1 0
1 0
1 0
1 0
2 0
1 0
2 0
2 0
1 0
1 0
2 0
1 -1
1 0
1 0
2 0
1 0
1 0
1 0
2 0
1 0
1 0
1 -1
2 0
1 0
1 0
3 0
1 0
-1 -1
-1 0
-2 0
-1 0
-1 0
-1 0
-2 0
-1 0
-1 0
-1 0
-2 0
-1 0
-1 0
-2 0
-2 1
-1 1
-2 0
-1 0
-1 0
-1 0
-2 0
-1 0
-1 0
-1 0
-2 0
-1 0
-3 0
-1 1
-1 0
-1 0
-2 0
-1 0
-1 0
-1 0
-1 1
-1 0
-4 1
-1 0
-1 0
-1 0
-2 0
-1 0
-2 0
-2 0
-1 0
-1 0
-5 0
-2 0
-1 0
-1 0
-1 0
-2 0
-3 0
-2 0
-1 0
-3 0
-1 0
-1 0
-1 0
-1 0
-1 0
-3 3
1 0
0 1
0 1
0 1
0 1
0 1
0 1
0 1
0 2
-1 1
0 1
0 1
0 2
0 1
0 1
0 1
0 1
0 1
1 1
1 1
1 1
0 1
1 1
0 1
0 1
0 2
0 1
0 1
1 1
1 1
0 1
0 1
0 1
1 1
0 1
0 1
0 1
1 0
0 1
0 1
0 1
1 1
0 1
0 2
0 1
0 1
0 1
0 2
0 1
0 1
0 2
0 1
1 1
0 1
0 2
0 1
0 1
0 1
0 2
0 1
0 1
0 2
0 2
0 1
0 1
0 1
0 1
0 1
0 1
0 2
0 1
0 1
0 2
0 1
0 1
0 1
0 2
1 1
0 1
0 1
0 2
0 1
0 1
1 2
0 1
0 1
0 1
0 2
1 1
0 1
0 1
0 2
0 1
0 1
0 1
1 2
1 1
0 1
0 3
1 1
0 3
0 1
0 1
0 3
0 2
0 2
0 1
0 1
0 1
1 3
0 1
0 2
1 3
0 2
0 1
0 1
1 2
1 1
0 1
0 1
1 0
0 2
0 1
1 1
0 1
0 2
0 1
1 1
0 1
1 4
0 2
1 3
0 4
0 3
1 1
0 1
0 2
0 1
0 1
1 1
0 3
0 1
2 2
0 1
0 1
0 1
0 1
1 0
0 1
0 1
0 1
1 1
0 2
0 1
0 1
0 1
0 2
0 1
0 1
1 2
0 1
0 1
0 1
1 1
1 1
0 1
0 1
1 2
0 1
0 1
1 1
0 2
1 1
0 1
0 1
0 2
0 1
0 1
0 1
0 1
0 1
1 1
0 1
1 3
0 1
0 1
0 2
0 1
1 1
0 1
0 1
0 1
1 2
2 0
2 -1
1 0
2 0
1 0
1 0
2 0
1 0
0 1
0 1
0 1
-1 2
0 1
0 1
0 -1
0 -1
0 -1
0 -2
0 -1
0 -1
-1 1
1 0
1 1
0 2
0 2
0 1
0 3
0 1
0 1
0 2
0 2
0 1
0 2
0 1
0 1
0 2
0 1
0 1
0 1
1 3
0 1
0 1
1 3
0 1
1 1
0 2
2 3
0 1
0 1
0 2
0 2
0 1
1 1
0 2
0 1
0 1
0 1
0 2
0 1
0 1
0 3
1 1
0 1
0 2
0 1
0 1
0 1
0 3
0 2
1 2
0 1
0 1
0 1
0 1
0 1
0 1
0 1
0 2
0 1
0 1
0 1
0 2
0 1
0 1
0 1
1 0
0 1
0 1
0 1
1 1
1 1
2 0
3 -2
0 -1
0 -1
0 -2
0 -1
0 -1
0 -1
0 -1
0 -1
0 -1
0 1
0 5
0 3
0 1
1 4
0 1
0 1
0 3
0 1
0 2
0 1
1 1
0 2
0 2
3 6
2 5
0 2
0 2
0 1
0 2
0 1
0 2
0 2
0 1
0 2
0 2
0 2
0 1
0 1
0 1
0 1
-1 1
0 2
0 1
0 1
0 1
0 2
-1 1
0 1
0 1
0 1
0 1
0 1
0 3
0 1
0 1
0 1
0 2
0 1
0 1
0 2
0 1
0 1
0 1
0 2
0 1
0 1
0 1
0 2
0 1
0 1
0 2
0 1
0 1
0 3
0 1
0 2
0 2
0 4
-1 1
1 0
1 0
17 -6
12 -2
1 0
1 0
3 -2
3 0
5 -4
2 0
1 0
2 0
1 0
3 -1
2 0
5 -1
6 -2
8 0
4 -1
1 0
1 0
4 0
2 -1
3 0
2 0
5 -2
3 -1
2 0
7 0
9 0
8 0
9 0
2 -1
-1 0
-12 0
-5 0
-10 0
-1 0
-3 0
-3 0
-7 1
0 -1
-10 -1
-5 -1
-6 -2
-18 -1
-21 3
-4 0
-1 0
-55 -3
-27 2
-1 0
1 0
19 -9
11 -2
1 -1
45 -7
9 -2
-3 -1
-52 0
-39 0
-25 0
-16 0
1 0
2 0
1 0
2 0
2 0
1 0
1 0
1 0
1 0
2 0
1 0
1 0
1 0
2 0
1 0
1 0
1 0
1 0
3 0
0 -1
1 -1
2 0
2 -1
3 0
0 -1
1 0
1 -1
2 0
2 -2
1 -1
2 0
1 0
2 0
4 -1
1 0
2 0
1 -1
1 0
1 -1
1 -1
1 0
1 0
1 -1
1 0
2 0
1 0
0 -1
0 -2
0 -1
0 -1
0 -1
0 -3
1 -1
2 0
2 0
1 0
0 1
0 1
0 2
0 1
0 1
0 1
0 2
0 1
0 1
0 1
0 2
0 1
0 1
0 1
0 2
0 1
0 1
0 1
0 2
0 1
0 1
0 2
0 1
0 2
0 4
1 1
1 0
0 2
0 1
1 1
0 1
0 2
0 1
0 1
0 1
0 3
1 1
2 0
0 -1
0 -5
0 -2
0 -1
0 -1
0 -1
0 -2
0 -2
0 -1
0 -1
0 -3
0 -1
0 -1
0 -1
0 -1
0 -1
0 -1
0 -4
0 -1
0 -1
-1 -4
0 -1
-1 -2
0 -1
0 -1
1 -1
1 0
2 0
1 -1
1 -1
1 -1
2 0
1 0
1 0
1 0
2 0
1 0
1 0
2 0
2 0
1 0
2 -1
2 -1
1 0
3 -3
1 -2
1 -1
0 -1
1 -2
1 -1
2 -3
1 -3
1 -1
0 -1
1 -3
-1 0
-3 1
-4 0
-2 2
-3 1
-1 0
-1 1
-2 0
-4 4
0 1
0 4
0 1
0 2
1 1
1 0
1 1
1 0
1 1
0 1
0 1
1 1
0 1
0 2
0 1
0 1
2 3
0 2
0 1
1 3
-2 0
-7 -1
-1 -1
-2 0
-2 0
-3 0
-1 0
-3 0
-1 0
-1 0
-3 0
-2 0
-3 0
-1 0
-1 0
-1 0
-1 0
-1 0
-1 0
-1 0
-2 0
-1 0
-1 0
-1 0
-2 0
-1 0
-1 0
-2 0
-1 0
-2 0
-1 0
-3 -2
-3 0
-1 0
-1 0
-3 0
-1 0
-1 0
-1 0
-2 0
4 0
11 0
2 0
2 0
1 0
1 0
1 0
3 0
1 0
2 0
1 0
2 0
2 0
1 0
2 0
1 0
1 0
1 0
1 0
1 0
2 0
1 0
3 -2
2 0
2 -1
1 0
1 0
1 0
1 0
3 -1
2 0
2 0
3 -1
2 0
2 -2
1 0
3 -1
1 0
1 -1
4 -1
1 0
1 -1
1 -1
2 0
2 0
1 0
1 0
1 0
1 0
1 0
1 0
1 0
1 0
2 0
1 0
1 0
2 0
1 0
1 0
1 0
2 0
1 0
1 0
1 0
2 0
1 0
1 0
1 0
1 0
3 1
1 0
2 0
1 1
1 0
2 0
1 0
1 0
2 0
1 0
1 0
1 1
1 1
1 0
1 0
1 0
1 0
2 0
1 0
1 0
2 0
1 0
1 0
1 0
3 0
1 0
1 0
1 -1
1 0
1 0
1 0
3 0
1 0
1 0
2 0
1 0
1 0
1 0
1 0
1 0
1 0
1 0
1 0
2 0
1 0
1 0
2 0
1 0
1 0
1 0
2 0
1 0
1 0
3 0
1 0
3 0
2 0
2 -1
1 0
1 0
1 0
1 0
1 0
1 0
1 0
1 0
2 0
1 0
1 0
1 0
2 0
1 0
1 0
2 0
1 0
1 0
1 0
2 0
1 0
2 0
2 0
1 0
2 0
2 0
1 0
1 0
2 0
1 0
1 0
3 0
1 0
1 0
1 0
2 0
1 0
1 0
2 0
1 0
1 0
1 0
2 0
-2 0
-1 0
-1 0
-1 -1
-1 -1
-1 0
-1 0
-1 0
-2 0
-2 0
-1 0
-2 0
-2 0
-2 1
-1 0
-1 0
-4 0
-1 0
-1 0
-2 0
-1 0
-1 0
-1 0
-1 0
-1 0
-2 0
-2 0
-1 0
-1 0
-1 0
-2 0
-1 0
-1 0
-1 0
-1 0
-1 0
-1 0
-1 0
-1 1
-1 0
-1 0
-1 0
-1 0
-2 0
-6 2
-1 0
-2 0
-1 1
-1 0
-4 0
-2 0
-2 0
-1 0
-2 0
-2 0
-2 1
-3 1
-1 0
-1 0
-2 0
-2 0
-1 0
-2 0
-1 0
-1 0
-1 0
-2 0
-1 0
-1 0
-6 0
-2 0
-1 0
-3 0
-1 0
-1 0
-1 0
-2 0
-2 0
-4 0
-1 0
-2 0
-1 0
-1 0
-1 0
-3 0
-1 0
-1 0
-2 0
-1 0
-1 0
-1 0
-2 0
-2 0
-2 0
-3 0
-2 0
-1 0
-1 0
-4 0
-5 0
-1 0
-3 0
-2 0
-3 0
-4 0
-2 0
-1 0
-2 0
-2 0
-2 0
-2 0
-3 0
-2 0
-1 0
-2 0
-1 0
-4 0
-1 0
-1 0
-2 0
-1 0
-2 0
-2 0
-1 0
-1 0
-1 0
-2 0
-1 0
-1 0
-4 0
-1 0
-2 0
-2 0
-1 0
-2 0
-1 0
-1 0
-1 0
-2 0
-2 0
-3 0
-2 0
-4 0
-3 0
-2 0
-4 0
-1 0
-1 0
-3 0
-1 0
-2 0
-1 0
-1 0
-1 0
-2 0
-1 0
-1 0
-1 0
-2 0
-1 0
-1 0
-1 0
-1 0
-1 0
-1 0
1 0
3 0
1 0
1 0
3 0
1 0
1 0
1 0
2 0
1 1
1 0
3 1
3 0
1 0
1 0
1 0
1 0
2 0
2 0
3 0
1 0
1 0
1 0
2 0
1 0
1 0
3 3
2 1
2 0
1 0
1 0
1 0
2 0
1 0
1 1
1 0
2 0
1 0
1 0
2 0
1 0
1 0
4 0
1 0
4 -1
2 -2
1 0
1 0
1 0
4 -1
1 0
1 0
1 0
1 0
1 0
1 -1
2 0
1 0
1 0
3 0
1 -1
1 -1
1 0
3 0
1 -1
0 -1
2 0
1 0
2 0
2 0
1 0
2 -1
2 -2
1 0
1 0
1 0
2 -1
1 0
1 0
2 0
1 -1
1 0
1 0
1 -1
1 0
1 0
1 0
2 -2
1 0
1 0
3 0
2 -1
1 0
3 -1
1 -1
2 -2
1 -1
1 0
2 -1
2 0
0 -1
1 0
1 0
2 0
1 0
1 0
2 -2
1 0
1 0
1 0
1 0
2 0
1 0
1 0
2 0
3 -1
2 0
1 -1
1 0
1 0
2 0
1 0
1 0
3 0
1 0
1 0
2 0
1 0
1 0
1 0
2 0
1 0
1 0
1 0
-1 0
-5 -1
-1 0
-1 0
0 -1
-1 0
-2 -1
-1 0
-2 0
-1 0
-1 -1
-1 0
-2 0
-1 0
-1 0
-1 0
-2 0
-2 -1
-1 0
-2 0
-1 0
-3 0
-1 0
-1 0
-1 0
-2 0
-1 0
-1 0
-1 0
-1 0
-1 0
-4 2
-2 0
-1 0
-2 0
-1 0
-2 1
-2 0
-1 0
-3 0
-5 0
-3 0
-2 0
-1 0
-1 0
-1 0
-2 0
-1 0
-1 0
-2 0
-1 0
-1 0
-3 0
-1 0
-1 0
-2 0
-1 0
-1 0
-3 0
-4 -2
-1 0
-1 0
-2 0
-2 0
-2 0
-1 0
-2 0
0 -1
-1 0
-1 -1
-1 -1
-1 0
-2 -1
-2 -1
-6 0
-1 -1
-1 0
-2 0
-6 0
-1 0
-3 0
-1 0
-2 -2
-1 0
-1 0
-1 0
-1 0
-2 0
1 1
-2 3
-26 80
-1 1
2 0
180 63
2 0
12 -1
28 -4
37 0
49 0
12 0
1 1
-3 48
0 62
2 80
-1 19
0 -17
-4 -117
-1 -38
0 -38
0 -89
1 -3
2 -138
0 -1
11 -142
0 -4
9 -155
1 0
0 3
-101 164
0 2
0 53
0 42
-1 1
-5 -124
1 -13
-6 112
0 38
0 -83
9 -54
0 3
14 130
0 3
0 108
0 2
3 114
0 -3
0 2
-5 151
0 -1
-5 63
1 -2
0 -1
64 -11
0 -3
1 0
3 0
1 0
1 -1
2 0
1 0
1 0
1 -1
1 0
1 0
1 0
1 0
1 -1
1 0
1 0
1 -1
2 0
1 0
1 0
1 -1
2 0
1 0
1 0
1 -1
2 0
1 0
1 0
1 -1
1 -1
1 0
1 0
1 0
1 -1
1 0
1 0
1 0
2 0
1 0
1 -1
1 0
2 0
1 -1
1 0
1 0
3 -1
1 -1
1 -1
1 0
1 0
1 0
1 0
2 0
1 0
1 -1
0 -1
0 -1
1 -1
0 -1
1 -4
1 1
1 1
0 2
0 1
0 1
-1 4
0 1
-1 1
0 1
0 1
0 1
0 2
0 1
-1 -1
1 -3
2 -3
2 -2
1 -1
1 -1
1 -2
1 0
2 -1
1 0
1 0
-1 0
-1 0
-2 0
-1 0
-1 -1
-1 0
-2 0
-1 0
1 0
-1 -1
0 1
0 1
1 0
1 1
0 1
0 2
0 1
0 1
0 1
0 1
1 1
1 0
1 0
1 0
1 0
2 0
1 0
1 0
2 0
-1 0
-1 0
-1 0
-1 0
-2 0
-1 0
-1 0
0 1
0 1
1 3
1 1
1 1
1 0
1 0
1 1
2 0
1 0
1 0
1 0
2 0
1 0
1 0
1 0
2 0
-1 0
-1 0
-2 0
-1 0
0 3
0 1
0 1
0 3
0 1
0 1
1 3
0 1
1 2
0 1
0 1
1 1
1 1
0 2
1 2
1 1
1 1
0 1
0 1
0 1
0 1
0 2
1 1
0 1
0 2
0 1
0 1
0 1
0 2
0 1
0 1
0 1
0 2
1 0
0 1
0 1
1 1
0 1
0 1
0 1
0 1
0 2
0 1
0 1
0 2
1 1
0 1
0 1
0 2
0 1
1 1
0 1
1 1
0 1
0 1
2 2
2 3
1 1
1 1
1 1
1 1
0 1
0 1
1 1
0 1
0 1
0 1
0 2
0 1
0 1
0 1
0 2
0 1
0 4
0 1
0 4
-2 3
0 2
-1 1
0 1
0 1
0 2
0 1
0 1
0 1
0 2
0 1
1 1
2 0
1 1
3 1
1 0
2 2
2 1
1 0
1 1
2 0
1 1
1 0
0 1
1 1
1 0
1 0
1 1
1 0
3 0
2 1
2 0
1 0
1 0
1 0
2 0
1 0
1 0
2 0
1 0
2 1
2 0
1 0
2 2
2 0
1 1
1 0
1 0
2 0
1 0
1 0
2 0
3 0
1 0
1 0
1 0
1 0
1 0
1 0
1 0
1 0
1 0
2 0
1 0
1 1
1 0
2 0
1 0
2 0
2 0
1 0
1 1
1 1
2 0
1 0
1 1
2 0
1 1
1 0
1 0
2 0
0 1
1 0
2 2
1 0
1 0
1 0
1 0
2 0
1 0
1 0
1 0
2 0
1 0
0 1
1 0
2 1
2 0
1 0
3 0
6 0
4 0
1 0
2 0
1 0
1 1
2 1
1 1
2 2
1 1
1 1
2 2
1 1
1 1
1 0
1 1
0 1
1 1
1 1
0 2
0 1
0 1
0 3
0 1
-2 3
-1 1
-2 0
-2 0
0 -2
1 -1
0 -1
0 -1
0 -2
0 -2
0 -1
0 -1
0 -1
1 0
1 0
1 0
1 0
1 0
10 0
1 0
1 0
1 0
1 0
1 0
1 0
1 1
1 1
1 0
2 0
2 0
1 0
1 0
2 0
1 0
1 0
1 0
1 0
1 0
1 0
1 0
1 0
2 0
1 0
1 0
2 -1
1 0
1 0
1 0
2 0
1 0
1 -1
1 0
2 0
1 0
1 0
2 0
1 0
1 0
1 0
2 0
1 0
1 0
1 0
2 0
1 0
2 -1
0 -1
1 0
1 0
1 0
1 0
1 0
3 0
1 0
1 1
-1 0
-1 0
-1 0
-2 0
-1 0
-1 0
0 1
0 1
1 1
1 2
1 1
0 1
-1 0
-1 1
-1 2
0 1
0 1
0 1
0 3
0 1
0 2
0 1
0 1
0 1
0 2
0 1
0 1
0 2
0 1
-1 1
-1 1
0 1
0 1
0 1
0 1
1 1
0 1
0 1
0 1
0 1
0 2
0 1
0 1
0 1
0 2
0 1
0 1
0 1
0 1
0 1
0 1
0 1
0 2
0 1
0 1
0 1
0 2
0 1
0 1
0 1
0 1
0 2
0 1
0 2
0 1
0 1
0 1
0 2
0 1
0 1
0 1
0 1
0 1
0 1
0 1
0 2
0 1
0 1
0 1
0 2
0 1
0 1
1 1
0 1
0 1
0 1
0 1
0 2
0 1
0 1
0 1
0 2
0 1
0 1
0 2
0 1
0 1
0 1
0 2
0 1
0 1
0 1
0 2
0 1
-1 2
-1 0
0 1
-1 1
-1 0
0 -1
0 -1
0 -1
0 -1
0 -1
0 -2
0 -1
-1 -1
0 -1
0 -3
0 -1
-1 0
-1 -1
0 -1
0 -1
0 -2
0 -2
0 -1
0 -1
0 -2
-1 0
-2 -2
0 -1
-1 -1
-1 -1
0 -1
0 -1
0 -3
-1 -1
0 -1
0 -1
0 -3
0 -1
-1 -1
0 -1
0 -1
0 -1
0 -1
0 -2
0 -1
0 -1
0 -1
0 -2
0 -1
0 -1
0 -1
0 -1
0 -1
0 -1
0 -1
0 -3
0 -1
0 -3
0 -2
0 -1
0 -2
-3 -2
0 -1
0 -2
0 -1
0 -1
0 -1
0 -2
0 -1
0 -1
0 -1
0 -2
0 -1
0 -2
1 0
0 -1
0 -1
0 -1
1 -1
0 -2
0 -1
0 -1
1 -1
1 -1
0 -1
0 -1
1 -1
0 -3
0 -1
0 -1
1 -2
0 -1
0 -1
0 -1
0 -2
1 -1
0 -1
0 -2
0 -1
1 -1
1 -1
1 -1
0 -1
0 -1
0 -1
0 -2
1 -1
1 -2
0 -2
0 -1
0 -1
0 -1
0 -2
0 -1
1 -1
1 -1
1 -2
0 -1
0 -1
0 -2
1 -1
1 -2
1 -1
0 -1
0 -1
0 -1
0 -1
1 -2
0 -1
0 -1
0 -2
0 -1
0 -1
0 -1
0 -2
0 -1
0 -1
0 -1
0 -2
0 -1
0 -1
0 -2
0 -1
0 -1
-1 -1
0 -2
0 -1
0 -1
-1 -1
0 -1
0 -1
0 -1
-1 -1
0 -2
0 -1
0 -1
-1 -1
-1 -1
0 -1
0 -1
0 -1
0 -1
0 -2
-1 0
0 -1
0 -1
0 -2
0 -1
0 -1
0 -1
0 -2
0 -1
0 -1
0 -1
0 -2
2 -1
0 -1
1 -1
0 -1
0 -1
1 -1
1 0
1 -1
1 -1
0 -1
1 -2
1 -1
1 -1
1 0
1 0
1 0
0 -1
2 -1
1 -1
2 0
1 0
2 -1
1 -1
1 -1
1 0
1 0
1 0
2 0
1 -1
0 -1
1 -1
0 -1
0 -2
0 -2
1 -1
0 -1
0 -1
1 -3
1 -1
0 -1
0 1
0 4
0 2
0 2
0 1
0 1
0 1
0 1
0 2
0 4
0 2
1 1
0 1
0 1
3 2
1 0
1 0
1 0
0 -1
0 -1
2 -2
0 -1
0 -1
0 -1
0 -2
0 -1
1 -1
0 -1
0 -2
0 -1
0 1
-1 3
-1 1
0 1
0 2
0 1
0 2
0 1
0 1
10 3
2 0
3 0
4 0
3 0
3 0
1 0
1 0
2 0
1 0
1 0
1 0
2 0
1 0
3 -2
1 0
1 0
